
# Data from Frost & Sydenstricker, 1919 -----------------------------------

cumberland.incidence <- c(6,3,0,0,0,2,0,4,2,3,4,2,4,0,4,8,6,4,3,11,5,9,31,19,24,23,24,47,26,32,138,57,67,91,98,103,94,99,65,117,83,88,47,66,135,34,29,44,24,42,12,18,26,12,19,11,12,14,7,4,3,25,3,6,5,2,3,10,6,4,7,6,4,2,1,3,2,1,6,4,3,4,0,2,1,0,1,2,4,1,2)

lonaconing.incidence <- c(3,2,0,1,3,3,2,1,1,2,1,3,0,1,3,1,1,2,0,9,3,4,4,3,41,10,24,40,20,29,110,86,89,106,56,42,49,47,36,44,36,25,17,15,20,6,4,14,2,12,6,2,1,2,8,1,4,1,0,3,5,2,1,3,2,3,1,0,0,1,1,0,2,0,0,1,0,0,0,0,2,1,1,0,0,1,0,1,4,0,0)

frederick.incidence <- c(0,0,2,2,0,0,0,0,0,1,0,0,0,1,0,4,1,0,0,0,0,2,3,7,6,0,3,2,2,3,19,16,12,22,22,17,28,36,36,29,25,20,18,22,49,31,14,29,9,17,13,18,29,9,27,10,5,18,7,12,2,9,1,6,3,3,5,3,5,2,0,5,0,4,1,0,0,0,1,1,1,7,6,1,3,6,4,10,3,0,0)

salisbury.incidence <- c(0,0,0,0,0,0,0,0,0,0,0,0,2,0,4,1,1,0,0,3,2,1,0,1,0,5,4,17,13,6,54,20,20,21,31,21,40,47,38,54,27,32,30,33,59,14,11,18,9,23,11,7,7,3,4,12,6,4,5,7,2,3,2,0,3,0,0,1,1,0,1,4,1,3,1,0,0,0,1,0,2,3,2,0,2,1,2,0,0,1,1)

SI.dist <- c(0,0.233,0.359,0.198,0.103,0.053,0.027,0.014,0.007,0.003,0.002,0.001)
